2000 49 18728602
554162895
153047226
548343404
798464324
365067405
100074555
651585861
118739822
969896802
112966697
469708978
872362455
896348996
907793937
375613051
981726453
747194728
683519562
665649143
477983118
682982507
293137229
489622077
779171591
812825894
219609270
16426276
795247117
253458786
457948241
744868307
529454951
214550475
917708431
476352258
590422202
635550751
415058379
574914173
710509419
853513396
999002219
345179298
461320955
707158931
551845801
119433955
201486490
282345409
821734986
729987472
648079139
28404395
828333527
195320843
15148641
204879817
214691564
555035669
355163640
342624755
52393034
983859678
392310524
878524458
941835065
48991151
340921144
188706771
561291122
580442013
450956580
561820618
188531974
960281249
583345386
991507141
902797197
80520553
908320925
571276107
287750967
125741716
485825748
530825992
532843654
965058355
317081745
756640603
419078044
418315161
824046132
917095606
852995503
401195186
290021220
639691708
393277496
672264738
349294852
605094421
224970040
258280379
163212773
731951782
396470458
206606641
386965696
529305625
872130312
651426571
189900898
951930631
177824069
309393967
735263630
157197918
130726637
84043966
257173065
710576867
245705858
197306028
788951885
858407331
720709463
461538957
663770543
19219171
864647886
319585455
656633635
993439162
902195691
355358282
451938988
191655630
973553602
920047324
869531180
988579326
687444892
893605611
465053236
724716001
220083116
771113402
771698863
785059914
724907525
358772802
451983597
285229726
976798014
56504432
82086865
938005170
759164727
766176147
824869181
505426728
341138667
110391023
31068536
444608049
217045528
668150151
509280694
50563533
960100580
341928550
650166490
184230558
892478502
803028575
820588574
722572932
26338105
52520806
479821306
399674460
766402240
158646669
976097293
65634574
333852882
431446107
586058420
453157744
115791864
174882074
491604903
281705606
612666065
884712888
251914546
462101836
302134065
665031435
817414896
57180311
374826250
682011268
598646014
558460614
174107830
847122275
927874458
880234703
954100208
756459904
536480888
117287262
614030456
745866934
532431078
821065850
894901512
72881161
809073401
496631949
480794938
371025110
129701411
525431296
917496024
899397988
725143370
463022773
157917603
797585666
641259497
21635099
289625290
681327932
593381594
199925688
824244758
713027500
301175806
744829709
458501895
128470519
983929385
463806442
308318379
173690322
741732856
64733417
772187966
195273043
426737683
959897379
297016581
847102534
353514467
121485683
405284378
419062788
849880007
607343336
981964660
424536886
452387295
834575903
191966174
423644697
340136502
181190277
516152407
619197904
23592315
57825183
516428700
330378650
52436612
977309949
610954407
800799073
838203295
823853852
980115949
172018885
267831096
200813199
685917164
955089348
735143005
683887999
71092502
467292150
144578885
79763018
963261571
664143169
431712332
398795984
675783608
172417102
919002872
684241974
791192841
814868923
458400864
519554456
438803761
693518923
16107476
611046308
691226618
747769115
218346350
701921074
992677860
372506801
764065561
388815633
840479947
25774933
737558291
519288626
471165362
128957739
109136733
472437024
483267346
811176653
976406435
571764560
246387380
299853411
590772779
181968572
860445645
205291081
745483668
664797643
245787485
651859456
729613932
932738604
922779618
209683526
330884281
39341755
885838410
965736564
235194752
468305653
848055686
770331533
542969933
146535483
382364007
322130777
913589623
242752776
709904516
500022769
284064831
670389439
544959452
983106016
451098182
951724206
615683709
990050548
661893308
260216574
799733650
9353476
230197795
35496228
848272967
565794217
386045302
376465002
407482352
700438996
961947186
704854625
69374899
960213647
244232718
83593710
727739841
772001447
320722223
493192786
399047750
26389322
703776830
893239609
280900015
617391757
870793691
835601755
582431082
374559104
466024238
537279393
168113553
566647152
497357038
937558723
346541149
17540685
681845734
763146670
317201353
127501819
922804108
268445005
225920014
207814654
896789825
517908072
612108106
540645906
659600997
219472130
314116736
262157239
190011854
991271500
12748514
667867314
558583583
659599225
188768497
854212873
272952668
42905740
349818360
839770530
101484866
826843823
925946079
808261988
572904267
456564241
67054591
994933588
624062492
582083249
137236862
376048992
942983547
882322576
839894251
610039018
747028862
663798662
125973351
584220479
365853076
87835893
335767964
328995686
876007847
327697501
682964127
424061665
499129366
958426320
137731765
845434705
585849388
589207733
663995016
475922060
327725549
239539295
677358405
779631749
479546894
480688714
765410302
892096538
294277175
303674620
760562008
698847334
112284022
592561788
74652849
628612502
754346544
621573170
197994066
225516076
169822161
989146436
762034757
892654850
550807643
664869330
438842038
116305388
427980235
496324868
220828455
469878723
58630869
465762565
657470863
806370400
157054835
188515678
286726024
477090195
793570020
55117740
251900251
271592963
485761454
365350650
597493034
311938686
965847771
30373865
108097332
195371306
674924627
454744648
631473058
144401710
790668878
130248257
376478914
208954070
504900942
393801124
236358867
817701981
227797173
876989803
891897608
771751482
223424403
739698256
890453773
208074872
665978917
903498670
418662992
961998847
361896878
649939461
779683576
793058329
430694846
655568032
140519193
466939490
41168586
291188134
598902512
367043809
944431718
770588778
656401293
18718391
33225150
417917447
516127444
416689129
834585280
591756437
664887146
33795916
785888455
831106421
737969366
340325186
403506126
643975602
192991905
454721529
191350470
240224896
739381027
596701319
452915919
792926587
382962603
889804920
441641140
207827985
631262765
579257835
306438033
840199006
988060626
306385973
974637877
597287409
235697014
574539103
533630943
976510438
122918327
298223704
692558729
680203030
734223169
137577613
268370325
111546004
375647245
859006356
770256775
956098211
202504445
821140151
866528430
918022596
917173815
867522441
579318964
706667530
104153956
495502836
951228706
12642974
178982842
775537449
238739272
767322049
820494045
624592851
850780846
169984604
470771473
667719656
553365778
539835995
908295955
910797751
541477305
319538551
986129669
274285137
902569358
870503920
491603029
50779290
766916320
613295038
386225750
710826402
227167171
360397671
449175921
823969001
373071405
188313284
140411140
663720460
931042149
16796618
926276967
998021586
861040998
482680554
303784361
432537179
541077313
432914335
503644936
583307469
176257137
638806784
310966040
824500284
710304196
367654823
54777856
465171740
116497098
955556006
995143197
442282052
145434806
35117078
410432105
804477366
432173363
720175328
285687236
313243188
521375317
418981065
474374408
28794107
530611536
47763085
531731637
995379238
13838251
343652057
164183327
36360953
515241213
141694090
268244781
957047832
152186426
208167714
350519241
213013254
689579805
875855445
377744667
149181873
34151612
825561752
741297050
98180943
293962372
484787825
628314051
11035134
289436286
860775962
268756916
543243758
179657524
76214346
694505313
606538782
434008168
770998596
997108164
26679679
119975788
339985878
497979466
464996806
567697786
810691767
703371508
738650079
795692991
408682306
962128336
348251560
471723345
405566256
935037641
102705201
906846562
788929102
893670121
105506472
990313700
636583801
976898839
95528451
944534839
526763781
949786794
230356424
61728984
342938073
924554679
505106944
76328499
46214738
42296919
6789631
209454690
591011092
510162061
122201372
692969569
451287402
735870639
70302912
189192534
129697337
110388069
724662336
163349729
754806058
895301082
471649004
469980753
866030889
675699801
733982499
687464908
753497353
610708117
657294295
564558418
314467591
472568257
179749641
684196706
829029949
928956945
528863552
462793537
187319155
818709490
77807411
373945954
311156626
405860916
765619211
979836046
28345785
94052844
859621915
546513997
8505542
265663393
943493820
990383842
720894469
701237456
48786452
507635959
409829899
502818758
950363666
726714516
905632380
944182695
337751835
716637826
449749440
541521593
424152612
696188873
436558603
787598024
238753419
694913224
564555625
580931444
389358713
334336038
658189859
171926120
447384847
657273032
525050525
376318730
914188527
257660921
15354735
955328443
268521391
616623061
127809758
473158922
344716025
77937965
104042368
788739344
15412101
365485745
916745316
935128043
693485973
115859971
417996423
965471657
137876738
462771275
50034670
740952645
349041309
168873474
827357598
893858658
284433144
857565247
434497654
483139775
600751537
282884817
189662198
951166112
406503461
17723805
607967470
354783586
452765221
513368595
47637417
693169758
646701968
361134653
574151425
778931814
812491343
415630838
363669806
83028152
879956811
291885505
735105779
717524866
56518308
499852341
243769397
966428733
766186792
47419190
540351980
564037710
278223138
537420036
981584566
242780269
802339294
405815337
869192494
14876108
643793988
597519478
589200718
972860286
575114226
923699150
615366440
824947343
232256248
389592234
355312548
758052905
137837307
254510183
466613688
566875296
534616756
82717385
704550355
749645409
523146547
646546863
484721392
345819387
51262356
559512518
111399948
608096153
975544914
766068268
380392318
342113501
947519580
134996546
726254560
279619522
997750822
317399894
695777177
609583542
746645982
878523138
188626399
658078792
262340391
873401354
155450064
438682909
681394760
191161751
633080805
222949085
411782614
357211262
136361870
23518781
375550096
195722417
875229212
916059684
181400181
19962603
297979803
771382714
570230836
371096452
898340685
831254451
962102774
469547580
802683520
872696248
912207842
498999403
270605362
682869652
545632006
35225693
652160536
620740403
575350804
224031689
698941955
995829103
527651822
257269489
971369061
603965746
647300106
746496700
280903928
80891236
142475442
869127704
143697274
21751812
649972755
803480310
582333981
391846355
449459478
594130927
266152429
955229783
699078164
745040495
790121255
833387921
692950290
237153473
926590347
78866142
785889379
330155254
761934818
995985329
282453883
637189545
963565223
496866188
28564808
273112743
982585173
348139616
574982726
184608497
110208619
464778604
57661409
306407932
353180311
788109741
182152005
802888071
124187467
232192193
222483616
310727135
319920653
953181611
817137359
398915238
883791268
612130619
916300655
490025862
776095701
730493387
827553973
115789333
710924656
898227056
658182584
569520340
833219648
17449678
299485599
880225727
982262024
489271533
573140263
328383345
723898492
436818929
80087655
625132545
491875415
478129123
860382917
433181806
395502595
251847083
929550543
420436452
412435619
856023869
460993027
300231703
67789787
986816764
486914370
842000065
657092993
350495107
567172411
478750879
400944144
990527341
78711994
3400413
790552076
285051330
86572187
207369197
696779171
700076813
896669905
495915350
539412272
900935394
331304294
613446140
122737720
534471522
390656708
124093272
644187217
16230667
98622002
12758710
795257591
755425911
370307498
208961930
989680190
451790092
88525158
643404292
521927274
625805391
165561350
584884199
31534928
978590626
444390244
355731855
978336476
958025933
212435104
588389857
835058140
108219573
268821618
867329785
22132531
132122093
988262976
626556057
357124025
754695182
728397639
678942126
991540833
875571659
802065650
369547711
45378578
889093057
868038098
248013358
118026522
745596918
811446995
69567489
791592655
84464649
452240231
258647043
616564194
326850185
335184538
412413902
516192165
119377222
698320187
353241933
507208807
640626217
445592944
225069311
803152258
697125406
569468767
228525748
39956343
548056949
9321142
368449761
261759634
908359546
669703804
657585763
687546612
158067417
177360525
910994429
43716681
158428756
789094564
136823199
578387004
305578841
321289053
796729846
133891679
405807446
476169680
379011399
909847376
213200633
466278918
393074418
534235860
988966351
963546006
240853357
791934038
352452678
918942637
160877949
757808632
763772803
658250535
534296211
768837347
922509417
215419033
217725901
202304600
831863957
50896015
643670678
695034658
310584634
440317229
204254834
635245613
51750405
335272332
255219631
585129683
68882646
504891764
769681071
112628048
405671291
183542223
374869322
728408683
246984181
290121053
917215482
977650559
411328658
232910196
436333685
571015851
452338864
920173846
826836575
384993267
340675509
654485006
768500848
592880888
152987519
997343657
701350233
929241084
807886149
58925943
266430894
48192380
494876694
506398674
857678809
492400907
846884561
779932174
941041120
585260307
666818191
51689141
936015310
348278975
651160964
715679808
381034192
856674471
633856360
961479137
171502319
234717313
618822725
141592786
726539651
177773351
871240140
419583122
112821135
116906241
717160332
806298610
602756693
416985040
517638762
478631328
567146218
223164592
392275654
334100076
659277348
751062921
991834941
154208265
228844568
344177089
780882644
232562590
952539548
192835997
514798418
146676333
133641785
27406588
209350052
843448944
466471009
491384089
179372354
717787486
73712439
166362141
489911178
742300586
773576798
26931670
792673015
406059034
147935636
31320208
152753566
466837354
649433326
707054958
500340676
181836161
66943237
148110600
523267641
715309590
300711212
635111456
674462344
417412327
229697457
378132942
844834671
981643279
248126657
189315143
99316206
792597366
611527961
856967050
947417993
315052672
432249709
812579254
188105427
997340098
546161797
596087982
467794029
136646084
19702984
194711534
989392651
129180244
180598455
131962685
67130038
627204492
649302075
574906547
813893556
9707289
443729981
469827964
892029849
513048282
181325371
170400038
684809760
745054691
465175939
29650140
645533484
43639131
253481264
844769523
105239948
103415541
530873512
716738358
456234330
668845185
894752683
410861140
226175692
495681682
319548224
222970084
873984283
983783608
236600825
612682508
415575120
206569599
929764438
518895541
727651379
14717191
581429036
479023929
108861200
264188528
995991059
909817605
581422409
350910621
802315869
370681079
120714945
382502959
809395839
524845399
623667562
973127540
965321513
516909174
369813085
162684050
56742735
914093554
510921349
688530198
265328374
794789256
385009718
62005901
859977110
989405248
641987544
796260031
590753684
764026714
862722449
183457505
40282518
307695724
892656437
571869340
3399496
324543998
547000735
822447281
654239701
102929968
967191669
996071460
268760566
507308128
631438539
984037271
815836609
484496625
269030251
70508411
605181052
462711947
930508885
268121116
67636581
607919821
2734959
24804443
341444728
595046433
667386891
372206241
878202123
938128776
697025799
69613719
610514907
158865389
595028481
53846806
83466550
166106894
202153458
694472361
1475216
86470355
882708366
640999863
925533262
133398718
825279401
561842018
484368955
488802188
367945329
604221288
970742912
71217549
664493620
470153893
714425990
948541102
146320295
26614157
24473295
705607395
22267836
327715173
608474946
712097074
156092256
512011845
237674470
345081283
380466011
511648163
613548802
870626101
628230409
124002099
107403368
620846694
390827493
471153237
666610421
108459644
261607447
531126702
152683754
219321673
606811555
462404422
902369088
270309715
195214860
858367596
403115564
485982058
143895253
913077295
173764117
254487093
50853238
605989210
153685389
508856712
894217523
861718188
92712302
682567840
245458120
812317327
446016288
256272194
124956228
22485612
556269732
489985374
301635599
967610650
33736469
513798134
75142476
984426775
443365806
566879152
416516185
564010795
514136603
169966362
455369658
377326988
421264778
474532759
520943476
890177406
974568981
720475451
589695332
575347623
721876507
523784072
547696375
488809378
630124186
275091028
262806611
135481031
949597718
388938572
204404786
809246520
135487564
671981912
497568678
968908263
984836187
544035352
479263023
660860602
537495216
106664314
323913798
588367583
776598509
139757451
491694202
423427192
971833973
327091351
357613433
264984234
279071219
551071415
608181076
487189480
810147799
186719446
973854235
914088410
966920429
767347823
715431147
566119044
846201716
193868115
747379511
796384100
190481465
481713771
433741756
248039704
935944257
975411596
8147441
981396141
424633713
767402403
987976719
124881956
759461865
665501087
57238709
774332131
917197676
691246990
718281538
715988573
171262314
241415060
919157687
943103158
700545959
567281183
981000856
143577162
70162269
43104379
341012649
77679811
794637553
364351437
835285681
557301872
669288414
276398999
649839996
546291605
244152763
411742279
901662592
965563202
57892537
766560370
663760071
53185906
354142680
540188223
951797599
609391539
295392371
374802426
26564240
928459645
353843100
881483938
81381770
624901818
86218441
405802882
819058176
924956949
852780226
229410460
559328404
793842369
108437002
828191848
785126411
887144923
710214636
872536278
557152613
500325505
130965058
607672161
997404107
565421260
69081093
10386971
506929527
186713755
439341446
555201620
503379443
798526000
696312026
100608255
979479203
190504860
432761026
562461443
893641741
816367648
158652308
110773205
830606078
130998228
975516762
198489538
620775415
206855563
737757264
951559819
554694246
405339377
874064536
80955004
377388039
701229431
971490624
942689795
654032187
345782872
716573702
492246906
153899516
750250980
188211944
743929055
370354653
602051078
951492781
988285835
1285649
452455533
493420328
915332328
610385908
768730909
60241630
310251705
329495788
747187102
780716232
914194570
325627717
790094931
367335889
928408201
741047728
117613254
608699624
407432439
336022621
532817775
462519935
783749014
981938453
771727773
272358219
663149022
523406930
148180518
249322256
58488963
2657907
626826081
171200067
804283311
953773066
647973473
333021976
135721692
579602872
385769747
185393888
852820764
238954489
714164210
862616589
941678088
104127361
64357160
471857726
844486846
310364973
714728880
806292443
795682192
39172755
563808412
586908914
174218895
856862139
722809139
677018029
797091962
668373104
77695542
819537795
107842956
326235570
639880449
684619835
894633301
560382376
45571055
690149116
820641722
834538235
650974930
100629086
380256148
356375534
693318087
877501667
250944728
787879149
749981365
989365962
167320609
323479588
368666602
606755985
228753944
95583253
309788314
811013949
256224837
636644919
456701205
882210059
817104470
487712054
590028160
717531272
723059763
904852950
137035175
635826884
33726152
392778886
202240361
856849627
405032535
194541986
310388788
31585661
314887548
400078189
45291861
481201606
138519942
579336108
392781284
759522786
972990526
414405798
315306115
471904198
963805288
117985783
300631602
127607984
936112397
491715303
332779350
504602396
446805759
508731956
453106136
154752259
266259153
378412160
976020888
982051849
265258719
834809307
382180091
76474081
836637342
142231114
902889301
883932846
102075274
73651117
241677132
212066964
234951458
47830139
575208951
621308117
615736372
506519684
619644103
124599083
995231636
124539401
972430199
756313306
677618877
360020420
471896440
129108531
222305012
798702443
267433496
406727897
10770808
992334191
812352289
59193156
619224585
773064725
225673061
136864804
663261635
71559014
613642488
993110805
434802933
847838748
943303750
336510428
267830203
793722766
295261960
357471254
247979040
752143206
163366865
322837157
91404809
556488465
72101928
121474724
350252238
25563441
61407548
353773620
894899171
36284971
127723913
350202202
270913881
327973678
242126668
472918682
