2000 100 56148853
812713036
50101012
746181873
718295866
909691765
651230410
359824433
620387709
157730562
139522850
308049244
723060212
205879248
20055580
357587071
4156800
440758546
10603033
977860298
733951408
726275209
877810907
211711851
158181165
689739834
34592557
569007367
667541693
993097421
41577950
829078341
407571686
909221591
509677696
307500347
243378062
275365938
479981810
26890061
3599334
753882474
796798651
348053397
141764430
773177742
807672920
841905624
98563640
539411514
390758022
72366517
243822590
763383074
113196230
753645641
783518344
154556874
221287644
968207211
133107338
912508641
173394961
624764693
86097227
698948465
724934441
482145445
694911133
283732703
268121269
248938926
694745871
331461341
66044706
388368657
421008611
348477021
885643863
482867798
51222973
770795343
668258722
958379578
985191374
382243215
909901686
520418277
58982681
505038293
561930024
429752086
577161211
408784299
973938906
548404139
9628640
503922661
713951490
32461964
682772007
777479623
821813737
567004883
279115460
16019124
345111771
631420266
837943184
501400245
808831439
610477218
377882564
11004444
265328603
276641506
424152917
316309316
281766449
846721162
989617629
133122310
526048506
879739255
435874407
784163330
101244695
44560504
138254090
650098137
190909634
329293412
664327771
500539905
100738079
473619052
906029932
16043055
773166657
527405378
632615552
737054887
312632696
104360074
539800473
29259502
54838408
244648039
868661411
412716347
729752958
563598903
892123008
205338269
961121388
514302207
274300171
435350926
375577858
626386785
33545720
604973152
998450740
164796373
875020331
641291403
165133356
343665844
523237701
512985581
616511334
419759946
44170167
194353500
71433518
191954117
238045581
402454820
932959708
572547868
163189504
851149550
222409374
393847130
972600085
938921974
233475089
765455187
118576687
551823002
950403666
105108918
715696280
612410746
874786699
585696483
765626610
475496797
828167937
182922383
600462944
336840279
389366769
418671328
453105301
711818766
61842832
359807243
799551765
886583384
169149008
334147862
609172938
883163455
846390280
284816910
774249993
111788801
974722521
377767524
702023700
732071722
631144505
265190154
383810512
160583608
107751858
88683249
602383582
506982370
650059538
576041398
498102585
634910340
348141365
650508832
559520553
302123330
347581305
367837905
798571457
900019879
686909126
957240536
202851950
600409455
457555402
433342843
967525908
707190812
484592976
172006108
498493806
753676845
569419190
279888889
922148690
581137656
616056448
487050547
385877038
625478588
756312918
608226128
881742887
744877956
40998330
318221735
548647202
866041140
311428473
642208733
745616028
512520252
519823352
131385864
555764863
98364773
235955372
319360921
699805205
703595211
710907739
874678547
502816910
78581846
577203552
384253734
484722334
371885802
381489783
518893886
727434651
455927880
963229258
685706685
666377545
200461663
309405109
116062673
238930436
76785150
589966249
162541090
10647644
61410568
321850536
332067253
354371530
216735615
160129125
807331778
616335747
384662724
599346081
537502403
333908262
994380467
941762981
349529214
489062643
916142383
915453554
196653849
211086641
558700261
71135073
27189703
427453690
186941773
310177567
856524371
291271488
304691599
621820551
972202094
470684067
799899351
383468827
930751995
319047351
612964535
258824706
521968089
388292923
517267638
501081293
46832729
534036290
484256446
156904726
571596852
257565702
608308701
586586114
612822330
351338843
79471349
522395569
137860733
176677323
255855885
870580444
807409078
28470429
356587746
638506100
750869192
780854593
900359118
930021593
976590730
265841000
656528824
815624591
587543488
77824530
451724683
643927370
768810180
959312243
199627597
962166004
948337936
596716961
316839465
632566034
34751003
671970854
838882673
640108045
948472996
111390014
752105235
955644100
25034162
515233021
936737444
238360321
84507838
896122658
110811806
76815356
88534954
278697489
930760947
765412894
560533957
393571302
960160244
589930394
527527049
674396570
227033727
192710308
804819723
150106225
215560290
444899181
538927393
147285184
861575910
889409224
183401728
42048957
648048599
289502464
765984795
207977160
644195915
176142717
444371902
219879424
551594000
859258477
156879805
714920741
447662458
854601606
944141487
80745213
537124549
230461259
727384072
116218231
624602364
379119963
486273483
442486553
993634611
704089735
498515159
150603243
399714072
454258398
964621012
145197025
475550493
428443650
111803438
359878048
900868327
363450492
684372727
241362804
46301740
995747179
660030473
359885255
382978458
360524202
807847929
16065194
795971450
96797945
208280416
685348041
902873316
706940800
617967898
706328005
879728380
896459260
117222351
445981017
860966509
897592981
582486796
880188332
105071497
348373099
551145222
252228511
316763797
881034049
908406892
563172826
854326470
477019522
982162048
828981926
146461061
43849169
971158215
389857398
472372098
361920256
256889887
975033456
43967437
730897968
893404103
19119423
754260566
614372618
30993973
852000168
619505080
853807287
635841670
926998161
4386942
253389020
755110269
919924938
331339011
222715546
422103631
975155455
332915786
202583095
95338920
676895075
464647306
29742907
236813092
378051246
996887060
198890126
583012959
437871804
238060744
484232354
330798654
800065405
907985557
781590481
10270785
208647404
446353287
600037473
577501808
87005250
666630037
400656475
989239558
136548956
15150561
419079568
708405059
654659417
696423367
916675084
624762178
509763599
483696680
931451069
573041083
805840548
910181867
992618614
908314297
105417169
973079324
367229597
223970226
568422552
15509840
722988969
503491569
472499369
317159450
595887016
896637196
830090925
379376608
360355126
454792752
623506506
523633477
313608520
441446791
630715682
861008532
254325724
428600478
957929419
660150282
598327852
862712091
327936972
634027709
466465619
153614901
626171798
149428392
839836470
788556152
874654550
730451810
587323183
178720711
259338558
438879107
342282394
517597346
772425975
915656052
635630616
666180416
215058558
862428393
301323499
887025046
97145410
788633595
32230333
683687017
7446002
482111610
938968121
420797489
262013148
559168466
304302318
331086417
521973906
114604015
877969825
736637488
247758579
399285266
985552965
939383667
353659952
414592471
29839072
606022576
436328225
104609866
104338281
976136580
387499978
571413523
359056666
467192054
928986878
526249103
973478977
600908548
317428354
32969314
448704677
133701956
849969721
358660402
370112138
117147545
520801550
974037644
580554079
862897344
115242115
791593615
780009220
593492607
923844934
86608675
189547166
615105719
713978776
702884603
723019194
326933548
302463451
429074461
285605378
462326109
188938040
305176016
935367310
320008732
156117131
322044089
857956926
215122635
336592478
908764388
129175018
786183996
643124484
828435509
74759604
928758624
204156371
472408361
386634237
778943105
993239936
449023613
277142436
393061512
352648844
736000458
227497150
196395404
848289192
497342830
71540820
415898712
460180128
423163100
188331497
955401284
23167935
694898863
824910236
287997366
807185784
562214629
902848660
623533117
149063535
615016374
33489401
304579548
363020654
825034385
947604275
882635305
240555680
298391903
324683669
911251084
144641451
979451914
85849127
943610189
273151361
560240105
549817537
772630243
214319790
317354843
150310171
325154398
693545998
709683066
265962290
478713599
56415545
932818459
755896732
104651280
201138153
322937805
572447396
355215192
480830517
333641717
397587027
261760517
180585926
553045804
970471586
957432909
384386028
448830702
66705507
369407921
862660573
709995811
749251862
560708919
273118538
713553994
537323089
525425408
581135807
419867389
494513893
50669282
144092166
932036024
480624043
271615391
272474039
822607822
150829769
641035043
357703898
828289583
591215917
954811904
356019593
691602853
151441155
23951131
420546311
364949134
983642089
66415624
592023977
858248537
471012005
587646039
585969995
619288363
712728834
538917189
767620161
964774135
206128933
832103286
511639198
927910895
207747950
920885280
696335627
81866056
724167038
803023898
61272716
993329701
109811656
734490084
182060614
888712611
260744433
134089819
976774008
476477058
909497498
28312354
553577145
342199323
654650304
549789298
840950542
843966446
260343828
141449582
286637829
496559049
682001794
624015661
302198747
444041623
795950181
78777560
577795418
263112433
157798156
378762118
292879241
790424530
24289421
835461557
298726605
626487924
640870234
861573831
571983590
961091328
734802333
65254297
30988776
487248350
219639945
951798787
175635868
671348597
820325750
800357805
288839997
166795799
440827884
520285468
264727223
930970039
295031688
406418851
616452075
9806164
293095805
711854958
253925182
22965026
990409766
886063140
239492139
764787010
355400175
775480849
71849648
996614238
901635802
855390265
133014871
613630343
507708107
628001931
285094567
552458300
701860254
349544614
860169121
697326149
349783206
58463484
900667200
1612347
911228811
442010162
267460116
532518254
299188843
632995556
849074869
303347631
786946232
305631531
204341412
719236574
500494275
494249159
881601632
996959663
446325925
579440002
17868352
394736254
71949888
176133208
401740775
684920883
596777903
999488961
697535728
783225380
304636677
533709326
952785667
210770366
438332954
359033767
457303928
735795538
128381037
273288241
405911173
548357170
686511567
744240064
512110184
569051629
912962894
27069944
701334077
414375973
128868613
932019615
470678053
906681271
198319535
222716064
441185832
245376476
549713900
82683198
615282900
151080015
302886322
114018537
638319626
795899755
773508475
761558901
192672925
522780625
623422544
586739528
413707663
119069483
287415010
811623659
314948600
97027495
865652424
223870068
316872279
486067418
622721972
90821752
967854694
68053359
134628778
814803025
728195474
918963995
3703056
987460061
757531820
735986377
98637245
642535172
932306861
150165937
405315126
78924895
891947705
753266576
564380342
621467459
849331664
219509185
716104277
999072135
664629085
102437521
230721294
716117765
826505739
900081525
65031543
962374661
624552157
778109196
885259347
554411172
980106122
780198325
394020028
941371645
384376237
883362157
625767972
507827201
660821789
384381920
458773133
358591127
738601186
212513101
161135345
639185517
889045436
547226200
65797533
498339999
366286479
564131534
140258303
52799012
656879959
197175859
820504451
682012597
997292877
954837070
534757780
861056107
942481368
672551250
334222791
727126126
869892976
443199179
616194120
364292542
741423654
455059082
600863063
952636949
87540645
862672765
445610754
784328449
961232407
438310037
662848121
823389162
408701749
714938189
936831751
952909761
623756630
873653927
380942733
147489968
687554067
167061347
343148912
859963456
429137844
488213178
931385846
311395158
72473828
823639063
718958163
865548206
824714742
51501015
978323946
604713037
401053328
112437980
351808717
927831473
147608176
247448270
975592653
427449974
279786459
252093456
192412970
556946682
263651953
563358779
252565168
65541632
229951998
972328702
68415647
522380524
619640566
178967860
846884853
842664734
21312611
477009827
346250431
640662837
600696171
10263695
508006435
413269994
706561078
271689934
915986269
316728958
478061825
91071987
482193036
853579731
937062992
592333306
51735059
317722974
251568584
652557510
877959147
842447081
825298512
382650805
802159082
730786543
69960297
831098193
130533597
343894567
867078650
155523047
461826793
775754469
804607281
924949880
911236011
760676476
486992648
660382010
130328526
245283281
249357591
151871724
832039695
223807689
918904619
384701689
482403502
223272376
742918825
843350825
555426495
771605357
313344205
619822416
642238382
897841571
92102311
59526006
64514967
590134679
900851454
109750420
466406628
761534483
150695563
154854275
765285043
436126798
129381460
683279944
21570638
104718284
607774725
612410681
383064319
776723674
555542446
361309518
833618026
702460968
975548946
521678497
587889238
989385849
508806160
199144753
996202109
139998960
875445087
455836708
987461639
672792698
118459048
509746191
795829023
4432870
47869702
226611784
343150847
560637590
184143507
285697430
462468404
939643241
966201297
163565572
430208310
155800247
345326948
157118694
61686072
680916484
201353546
520047394
163255384
820519456
882450601
26542973
940378970
59808943
311418857
879527120
717839760
492601673
898974083
514200053
1144527
19130493
527122431
459670110
726538400
11307282
924808872
829340335
331975941
147377830
215107831
410693098
221761446
447110928
185835407
394718728
281100418
543296450
312058457
291169742
561696260
960390595
382692686
24439304
706042450
754736863
396159718
925702298
285919407
736316565
766332064
131714137
742525584
975388351
535448763
797629139
456374445
411793394
743077011
781843492
736002609
570702229
963477092
342986896
689229621
829502413
674238092
92385951
184868947
796455
543958093
86241106
905165217
974488844
263584542
236222252
538772280
969239121
718768845
888696164
516444421
302828297
119297869
112738388
740127546
118854800
868465555
670175796
690612399
283632417
600894687
998459247
562790123
748681236
54801431
821387187
885233180
205340659
123163733
941800400
703948941
733334596
606864175
480350050
487498469
728853704
145957550
788956193
48523542
127344751
654677542
611926311
726993266
207928032
339666729
997165166
665458899
663032741
476754865
524166295
243413971
221200381
232236962
235696210
339676421
811506027
407076876
526020068
548575940
947659306
22444168
425599255
1290269
828642725
953151327
831003405
611738798
569361382
839414819
87750518
341161794
578519837
51253899
130917045
129049437
807288221
650888084
248361409
23452411
949536111
840458063
736294334
554912847
812931950
108113300
173411627
893806083
100967118
315029275
341581930
309133462
380344017
521036538
100513681
752893232
299364132
455405739
181093167
65292301
544672230
966726063
124050422
952965762
465038507
907174477
128514656
94225785
114294666
864355095
203603821
563998082
292596339
979308294
249408048
193419819
142953992
638437320
457868149
457701946
561480771
711567694
796436429
549739515
124900210
913683522
531891552
892824336
592580170
859765242
400528142
360799609
299759554
649642430
57877855
582516114
549436097
797283326
502590217
253765421
239397709
338534783
934523589
484337447
681448946
260090555
563708117
863463596
238129343
175488073
315542830
99398421
647180131
805812765
154752313
769091116
755673581
72368161
321430194
297617910
229437732
955965621
115268842
817645630
287911701
248377484
879256783
57803491
194682823
841659668
548215283
608486498
964413371
144297805
12815796
861034450
316414610
177059753
11162160
878404905
16107700
505077089
665650802
278659327
154841663
849252783
56194192
211917041
954380181
496246005
925695781
255666943
550904063
576043583
873731692
841850777
31548166
228051889
157479169
760362380
808824898
403334618
65369184
107218691
312617280
917183217
684463440
283193471
616069212
231324035
514071471
567839601
839944131
359946976
266302055
784698651
686013584
518686874
616585964
865261145
881926929
30758488
43701568
132672207
504378010
868174144
238960709
577436551
453461268
197066125
523250487
622867989
91011701
666086231
965974668
24027301
257273942
537340720
278448027
481286947
705575615
959855029
193437261
352079303
213464618
227510070
636421893
223595387
335275668
568407219
986248284
685607829
712752899
142671516
594270985
364588353
203717612
970040722
68407870
793590910
354577259
921762812
471466714
643777636
830571265
970036017
646703236
669699576
786711080
207508430
158910236
113134601
564540701
558700445
94229973
508335671
40255388
313189876
855352540
706532109
501733217
528398897
14491518
942135027
180973816
744902372
548162196
992213686
113330278
515243462
815552203
978391885
69592529
467336164
631276613
162261787
450971300
257013410
553708961
887166821
898537498
546651136
902697452
400793819
129441073
146819075
122374843
984145206
869803690
987086221
671177110
479516104
478947258
454362315
61981240
129279361
42137592
753707712
955695627
985721755
732110477
264047494
841717254
600456327
677313398
735230114
454049900
656451070
537934995
212008949
231476974
840481043
976544670
372284350
713548278
430188986
398995354
561546962
759932372
834240018
13173176
611740020
498329904
872671044
57100812
243326795
938302399
906788592
868019217
759295962
351835399
590214692
651053738
415289386
273850319
85922027
371824831
678459498
111851024
550568025
461979965
381066411
629769527
216008068
413036997
545213600
606878100
297787564
514325116
314751876
618374628
285887981
506291601
101653397
145177477
534767981
53587274
583628747
708251173
157898805
895292105
669305056
815710132
977543053
603215710
433380002
49175609
489852768
700503604
785931908
280903643
78095863
646583603
387953153
601349089
546928997
463523982
553091329
867477829
673013085
370178308
31080693
757773978
785926215
904380276
721087121
823186296
408332859
357255701
507219931
251551902
821208236
362397422
653845377
776236045
831742081
454886562
656285547
36358082
109057849
31912579
169395395
398239074
753389371
543680959
476802501
11932645
500948021
178171409
873009983
590454020
462206465
335716081
700938853
534955544
242028708
296995985
225800664
977253615
199675360
608087684
912345999
688026968
161603991
262091764
554414655
735111070
291991106
897357496
485321544
256239589
982094606
263656302
108344708
686527715
918241818
386716514
332885097
355958099
25732862
979385620
188422399
542824200
664349623
780381776
895261594
801595714
160124213
167168303
192440629
946632210
761695914
48118448
406759294
807640173
464941554
938589303
839163051
791841600
612730727
999266195
927350388
434146633
334738929
378973388
907133909
748843832
719089983
509427835
968496239
943696529
342018790
446260231
224472326
234676089
175485927
393588457
61163534
878077831
561178546
990195288
960623388
468953564
584633517
336418299
24522267
280205779
248500367
512699609
873765296
232822048
22822798
433119195
308915208
320504818
701264229
966582816
247785207
606116200
318460437
823871082
459589853
253569541
972446012
241079203
347491904
612146407
433091644
585389616
586060607
216865987
145881764
167970914
730300686
151384555
189145511
808079446
193349548
506576727
57286566
739888235
858125922
202390818
235466687
949825439
583939776
255519211
668927093
307345282
915372263
220899288
240837727
990814976
472335837
685600489
649266299
514585598
638808984
514358218
816488762
202228102
776522327
159573352
594205434
938228596
992767144
125442771
219329937
471335436
906236867
461960583
827302268
406097529
112093
407493573
904484245
134155398
244347182
475516677
963677606
103476009
679247285
274588812
563595178
880823201
759454590
605946635
924510556
202364839
368076171
985704199
554281948
457163669
771558523
816154527
857542485
479907242
891626462
795813957
767809524
600755226
678899742
957871941
177829514
539829172
291877933
966239826
141826901
490661641
643399154
444807461
102942147
631542033
679012230
18175433
358434810
803210098
542128146
38465765
196132031
683489144
850324923
332710802
876269007
697697098
499836784
771030433
514510879
355786575
818773395
656259441
976366879
491904841
844035997
214144525
680268778
99713740
67029946
623162785
404980270
627653321
964557860
42852136
795448051
730898212
584033529
695365953
945608721
934275621
839525381
812228373
743059166
761635819
909838194
145091577
883566147
36569979
608193451
327951323
505384526
483744658
379454187
147891514
375746761
626897393
824031633
637617495
389045716
814179220
399887294
829126842
577905991
486720250
750543633
899326829
515366778
271816895
141510061
961011413
152744419
122754693
969473927
