1998 51 55160352
798589904
793385330
8300886
11809829
101990437
776354192
381052749
25576512
149599594
333598481
247327909
424868959
481943142
968659340
85231456
502819089
880167283
31888727
7160083
543640722
837633320
364107866
198275520
186890586
430676039
547743865
798519085
409153080
730351820
390398505
109291655
243359398
519877504
575135149
192458946
508389196
647195651
483466299
52030608
636402020
709983987
493821566
203457416
62445101
774643488
247692599
733784945
490387073
171353139
241774625
3703207
555954017
6345832
919631285
987621298
564454418
389826485
874250404
484446814
4428758
90636361
510378584
986273630
746701661
392185367
951807736
60108690
795781000
305253750
384851204
541791814
564751053
733174533
662952823
478918386
63697702
681974297
231492128
860199922
613821567
551212950
988742255
37918515
259942233
466802799
761811842
985368437
271964365
547647510
529348720
517874655
368448901
682930790
80155143
786428497
297329521
3396219
418274003
501555141
127310979
767335966
736901084
830342043
686652907
361544882
963428557
922464849
47220513
171849210
910523303
207801360
10957657
370893701
818325322
58710176
56724339
372480711
512350262
343037545
641545798
192013930
221402466
89684671
405468577
589527489
806116225
240883332
603655442
492369962
533630776
886158075
709155211
511672841
439346137
734460936
932096651
742389254
986609241
795762405
600141114
627973652
950714053
338538527
679336568
260974765
184960719
580705654
551150490
249561025
215699951
896832902
897407048
689251474
368004735
535700231
2425625
652513351
620620738
244665057
844598357
373187761
348314806
436094453
173310751
353662060
468409808
319607816
18155813
548819600
346808230
356408423
615189110
157014484
353726074
524867496
252855893
861491898
11430817
198008027
912040519
474144568
86935003
879662798
236653637
428066465
249147252
901862253
932837045
903458930
141775217
489783391
52795645
287591012
881778741
673191395
329006268
639562775
374631119
551689611
196366403
947160976
439811827
760902053
822475877
720719582
780144660
815390988
620517877
611847815
534451523
349220755
952416716
155773264
915370570
784399883
820271726
238881771
763304019
693437474
687824770
488792715
374516697
518856388
158799523
540632036
176771668
98577545
888432904
857169686
158663832
956928633
804129387
809422065
97043298
527501264
953786406
325888042
945271248
842302250
88517164
754311586
496997869
632339643
712902793
838109532
696062791
234745453
829496562
710924871
749775333
979375895
153048379
437117336
941407307
444647727
23528276
930821367
926641408
274244749
327762187
8275346
351675211
997034752
69213898
70603674
643069015
382898187
892914338
393762366
283242757
347938813
189754579
858745681
546754004
521430619
288119569
77618199
976637369
203704243
87119729
204989688
666892550
656278875
560368645
474343876
259636531
237053120
202709119
438591214
239252035
471552392
200624125
271145435
922521019
750320576
547432655
322820211
82061530
190130362
349396142
619426173
165781782
270955171
256482916
459914234
566166671
979734891
474507785
474662913
86199376
44095999
663269601
509563702
945938156
610486927
999141207
413489922
952681604
903159785
669505253
325380248
148623097
660911590
356969655
475656529
107628296
858165930
72146816
823130935
993591542
953561480
935677467
969796823
638026003
988294726
242573781
479720417
966123034
283901161
672568335
140328445
865992736
577583896
584499427
931775348
815267959
153269829
987784147
19251149
280808381
137937102
868843595
348786531
807724691
166402628
319591717
242567266
906732663
722306763
795345494
352698902
427297261
391966193
365169945
731918419
746156148
232451217
631889909
338837717
464699431
711874242
500044756
232092993
247672811
416335403
910267119
795369430
982016888
288316042
348513746
817738375
38942321
443278273
825268413
373187250
580488140
73109994
361617114
968531158
88498027
428864684
24559400
513055858
714184400
346152413
514500758
202985787
131615191
112261964
984555438
499140447
805844130
213175352
99397719
874279694
13477445
874755971
161662411
139935664
126948485
354122963
357054365
593336294
114983394
632882554
94558510
944687540
366462933
542359569
636763589
373790515
828920671
845997813
600840197
139373597
993622554
715492092
162534005
54828242
424897835
138138109
146748135
79850203
488232872
509334044
886026315
878795522
88547885
816243370
887846627
158112926
896250604
568323826
33317117
357673660
288416059
821673896
174518124
506836798
398107275
221485041
584976529
814183069
500735476
73079622
790301826
603928616
494891340
616081596
763635241
503460419
739639161
813555149
826286881
90739279
404896900
609060792
907812934
979690737
844570376
43424662
258925688
772555739
844715567
697285538
232192249
858276267
901178691
818527771
164631200
614173486
182092143
586426411
14870920
637537752
141770186
973846866
834950527
421543601
917219895
472825448
224289384
283667164
994338972
494551250
364008375
567190971
622660222
391464004
677144951
938575564
366607378
9471011
261428195
341219173
56186552
575456837
739105546
857598610
307546921
930782575
678083893
498187921
844203507
582322730
49589280
794247922
646154599
227641318
953978621
376991079
925119765
701607903
457017807
32176574
683509433
207794441
670053477
929404904
164253263
694795379
633356466
418306849
107053002
843599078
780627478
355521892
150002218
726270929
532956937
659713884
144071753
190492522
79683626
564506750
80370453
426703471
293101301
676999454
466800499
162438803
288078058
68742110
276430028
768708119
187303958
999782547
272822995
482128072
791573261
741066401
538635624
736999795
644708817
430581444
896532218
383185412
532868428
231739056
413888684
68381301
87911553
736025393
852913819
843608226
155027989
920637437
257274555
733449962
799986005
43849282
331401315
437247748
95051708
261357097
727147040
373969364
601336501
269384865
165096314
12121182
719743200
360419254
554877974
56090553
905092037
354869550
46563962
713558868
205035692
411664722
7089421
178835455
626423698
861831323
3823482
536270833
30858031
811930654
648509823
210331014
34609174
84070025
941385694
771935247
647118381
141493062
690396288
10748185
142712810
947231335
294950030
610982644
391021095
182350536
3407959
355615475
752180698
806988620
368392279
941085532
249877157
309079647
631470128
199845002
279714133
428219487
232825536
492917964
406936629
825795785
124136440
343392627
657275723
149087830
500535818
60725818
75825640
267782437
324990941
336944243
507873245
703977487
481217139
988605486
237647583
32960000
797533530
150916978
871030570
377505205
713130780
689742584
77922552
585929524
930165026
219683838
34225168
657590073
23371706
716461256
417009464
349677803
936834757
749388040
179620831
533365850
214682242
160830865
860337032
387122029
675406112
208561624
326177151
884993264
905182645
999932784
971070017
690782400
625654140
675889405
797899924
748314513
632623512
272073199
126332993
791673218
514799053
76492371
469386623
841289367
647829793
299672122
316845163
637540363
645335080
464376066
725819874
178349244
39367761
52299631
467417671
948144158
292849158
652489051
366428123
976517752
79161298
794409603
777971406
836249932
328697992
962770720
670635541
311914835
13799942
422284508
806971283
170377203
649726773
184377255
522225494
268453490
806964541
841309093
11853398
857053537
855686247
122462485
25161283
104383312
679537381
349529270
688539809
381779623
816958655
826806078
857042597
518948586
397871115
100721645
433927198
888357302
191496688
196110376
887555110
737230633
608187735
852297782
323783837
805197912
868919401
805505229
528533645
704534221
777303772
103343848
852728263
780564162
479673320
967132416
854752022
765286855
235280655
591910193
454466282
956156095
217124618
780618234
398488729
675396891
800589974
551114367
872087406
536644881
72209149
759676745
492641030
182138170
129202151
438584234
485883200
858604059
668487379
826307852
300846798
403012276
560524031
35231463
244215758
983860656
501036637
672125221
609908558
359320230
864258686
895844153
884346028
180661493
234606942
839697470
912776582
457669115
819535050
466463096
129391210
115516722
168047487
372343605
909639005
520873687
715968902
175475631
91731909
301102004
578085629
667878225
378663792
88442055
283057242
252081672
317153945
783979559
83499165
63519404
586877024
679671009
921963620
861501542
957649246
490301539
824194478
273922897
471853345
483406754
570094060
804331452
345932890
902562339
604672472
532283608
722034043
774432862
139538759
687939686
307281567
829062504
493189125
382711175
531073856
996451790
458919106
402635261
187175664
16024586
555059560
163696380
151292692
202405642
11111762
799594988
577412457
891783389
929162520
359331051
661118149
932017892
291691039
548665645
583573192
203378471
557847467
900860651
675370289
131562992
683871019
146694002
875548642
368473287
410529359
4254556
870521965
758607149
74939797
608555841
665542914
557004760
180189362
511119236
615944288
80935091
347229745
315988044
582439944
970783005
276722505
848809171
6083267
979749693
44971111
307753174
877758526
968748014
766926974
255539332
847901570
903871464
170244177
536878833
689885720
433928648
352119643
691507158
607885859
934949386
947956809
327975666
265209272
726468558
669603000
68005674
481065789
344594732
625505027
638884360
771114222
673578169
148326640
983532867
634942180
505348949
559866128
564081888
744208167
438767159
347617812
327925803
357111545
201033172
711831505
905116210
977051437
91537682
495149805
630110213
903672674
191640356
501849849
700166617
849463620
570374722
267864573
741071730
690417624
779133101
386437194
157403446
737637712
89382947
378991737
577522756
388717950
676026260
282541887
507861965
425352772
570695976
19402638
811060966
530266840
595199804
594080843
422301791
535871006
85074093
677472084
945739625
87819126
745647424
695838806
318950958
808045175
498078710
306685142
470519395
163384644
342627448
197345711
917327283
184028747
42439035
737105204
623598873
712171778
832503774
37962824
481274593
590712548
459922862
937030518
978876612
330633050
734974976
790656101
806629761
557796973
666924284
286242588
414694805
137887351
435529645
480516061
403382705
315683284
929576339
474321296
330596702
818719751
883887287
967244355
376410092
217286051
501198918
970241275
496889143
116751196
710301528
275849434
275133157
994564879
484834688
480131547
823452977
618599431
275408758
947750775
180886046
623878775
726385555
583213663
417171587
340145972
627225943
454136417
90196532
649490077
879472686
157382399
328361448
512934926
406863590
586010798
743077606
920725925
524020978
716072020
392470241
508643375
408722299
785902103
133695999
43972496
57570905
322946330
118118183
424063634
846759130
387885116
536709904
286093077
920027143
502021215
584368979
632240686
218663004
700722508
649236352
40272429
524663388
36037831
768844302
716292097
385060534
803734558
751827519
197438856
342704493
986212575
426833264
566182826
454120363
256160061
222291558
225476474
615180412
227806013
449338535
18555303
454113285
819632364
760748122
263599820
105535364
675426268
866772711
640675035
343597754
587093223
246103161
796885885
505231451
834176554
849356790
658323583
259952807
14743778
107381851
992705217
168635033
31650803
822436045
375941376
231585494
379464293
178330534
719689141
572435062
822184808
612283854
310095341
34135946
811328484
873891659
684446181
408181831
147016855
408895093
734531057
766578932
63489335
966569013
201303969
149146267
281806815
299131481
225363334
798382573
123568105
545527879
700034791
835745341
480397627
172216406
521055783
756518644
410176240
784916012
119658160
772825423
979031081
585537568
687254242
983980018
927803353
922243898
518205299
759298529
819693610
972297979
970058169
388988227
340239770
701908857
263137683
564744759
54785811
176244816
870268471
899815329
13468349
859939592
246199148
525745538
155660579
917621255
444072658
992171438
505992990
817089117
593112751
793631038
903323077
617686915
229493508
661770813
231595636
563344586
566031394
952576113
840529646
253873331
162633808
350016864
463344463
969538548
682580099
615914289
374889019
890951857
191166470
938321486
879862466
925741826
479411857
925571562
242670686
555432222
135232759
213406561
836372321
425050140
2142018
340488612
495960125
699144507
277147329
248617933
175843349
596727947
507514612
141098950
381352624
639969529
666541802
993351336
509102304
145706875
657848899
46925156
353464175
141873852
499312325
446271452
740740440
172186726
439219874
505839849
879859260
91004837
433838171
783802350
129007255
424288358
185234603
217939769
705561721
269662677
219070665
651755613
514288754
656706206
949409657
512402275
495392441
194929806
179795873
497543906
543343001
66898301
461476902
711306070
775791998
128519693
986832962
945281477
221551039
507475109
321470394
471857556
819305858
880976482
760956501
491149588
106147264
286226468
144361765
161703766
555413691
301287228
532315981
135337412
270755452
798769441
759152152
447319269
228843407
262982411
288949210
965973652
219360786
325834636
538411350
977816165
997742693
568747411
658893480
290109993
458412039
129252699
345035695
54293449
176048167
269807878
596281
334738516
701127880
362624024
955295275
643724555
778735823
803819888
899871396
959597796
610122359
875782729
301156910
202438219
930742347
552332092
674400855
877759096
353265138
252945945
519658166
325748472
436821777
885956874
893705148
287105292
276641056
887476485
895902892
783223087
85215669
532178592
749550536
598955993
611488066
681428625
315849107
58720890
213508080
50700587
45743161
790211355
75818137
956211360
274614379
647407646
132608881
929134302
972947521
676577780
78318395
420178101
740819743
483922757
634624479
371482573
673353996
903224779
339553655
216148544
403884464
832517834
355631911
532839001
810864996
916364456
201140766
948218370
626004487
610460317
590179469
557456983
50010559
225811117
740345370
228934690
415279750
10040321
596146180
104547464
931067498
962866469
339012883
542635620
42186574
396209859
446066661
743018422
41644044
342032926
987756381
845843382
536650095
818355710
588906411
789741768
678928562
278111345
557584717
329653246
666740389
856976133
694712883
92840333
410244784
240366651
219168948
971431628
705264374
614615104
636811407
784420714
63214934
270390380
840871793
66947914
842988273
966705038
818329924
357217053
758184061
400623921
836250553
194162698
158907300
528395223
699384608
951403824
120685559
25711217
394008854
884906919
100178482
563989496
883005422
627991716
557992519
844148910
386934771
44224056
631522190
815331768
612953201
896355885
978794920
695984504
189802206
372196791
443703917
933351660
951714179
606197179
404819079
411463126
749341326
353197307
237650512
481721149
782285032
251308701
92276643
16779012
870986047
308213517
946665757
717490451
993491161
91476327
73477172
864696317
143707050
344816604
405525080
424115547
53434677
626851047
529387381
300106878
70189924
579842263
532061273
709625367
211286702
522176995
789332618
914180357
140038009
583525280
32254364
631206959
438242067
318074370
328467869
85727962
12478886
829056645
672294037
707715571
598611325
133550747
542368752
891240211
998473348
177404943
751194305
100426198
137724282
188427728
302488678
154165617
531610507
478036557
275923802
914280880
689118842
98307206
836563026
263643026
57594847
251142346
406104842
173167094
767799752
418442679
459117217
183665823
382681840
421751656
826066863
857778239
220512973
466624309
316260788
23068182
9606076
564292516
954705623
732747135
565943776
515216521
151839383
425990859
611674937
770470139
604819388
786013280
785171592
610498559
722536898
977901144
176988336
427623236
723453648
845881386
766388689
166505885
322355969
721124834
252232534
312395463
815924803
59368174
648670457
18126727
397608973
902053299
740438202
47419158
279338341
794565098
92903484
956278347
445068306
594239761
6279975
853793590
24466062
174133044
424612382
313404280
156540150
860991145
267803990
740234566
193523637
57623951
170789932
510188495
381734262
707301325
518355262
601450468
214898147
984890490
11850853
639697950
800329941
216731119
600053625
618674380
73759123
763204279
101138621
985273703
899272185
613113042
219288042
305050816
545557121
510948761
799628562
197005153
705237458
250139481
45065569
573199582
670311247
451581460
129767849
922138923
472619109
949055070
874670189
573698921
495896707
678427097
113909706
51364575
550746513
580155293
238775457
399788173
715818362
271320187
684619482
214553238
263968849
267176609
851085335
604207448
821267991
582856276
601231613
444032836
864301685
987401933
732576354
594547813
615391613
347578654
384619153
293977209
276321191
820002817
342916582
703085362
621086129
419294134
945193679
91094454
658448449
65346250
959878385
164918508
600679266
190549075
871770609
749118633
429126579
580615478
497952287
331200944
399664915
121744139
355173077
444156026
84719666
806501383
150256986
921045661
791206837
238242955
228722787
972242878
60739205
701079238
975795076
216410784
326771239
764735639
906276604
191270951
568367295
634708148
979957504
858456958
372257434
922190871
431732590
213775844
488477949
970983630
660213172
113309887
559781386
248876116
417669654
867982217
215975662
298848070
157807721
97335763
253451398
450252960
904383213
941716972
73364085
451735159
257333243
322716018
927640363
875417439
458709551
100924704
293715383
410661717
594641341
431284533
418664497
10136537
845575174
463576027
307351908
458250546
792861297
240415837
950890781
880411024
343812327
137723151
980176682
358251817
394298537
679531000
340137250
794889389
577342952
320003315
942307028
728054284
86709168
321029566
41911197
545272097
778036807
957598735
637013490
289359573
980011460
628053089
565319685
260493361
646489725
7904733
411110640
616249299
387435703
407669055
598052445
878479249
166427585
149273233
511426631
817353143
787770711
62316748
325194422
672162097
714587074
23533877
20731258
297880677
948992350
273252663
816946054
138410245
649948080
336386097
119332700
711260413
635122962
245728652
872307719
946581578
513887791
33713321
610911704
305779540
400528566
492705158
942348664
131989048
277001778
652543775
821520170
532747684
111276892
178005068
743521586
155821936
314101702
729429740
164861257
600431289
161176164
994135230
336406874
140227051
699499807
152548769
311504896
744878093
421610616
929523972
614172149
300435124
285359321
158610021
863187390
29077372
551575101
887938247
165935163
249054956
627234492
238498603
487489764
93075490
677303115
733020675
808374174
942417011
307733019
381779583
202605734
761554814
823182116
384778951
600654538
386068306
49710945
504685767
27855833
402685620
438312584
319303705
93687676
185448065
410142917
920574673
201953744
446500500
400473975
580404424
576025118
341619031
778583272
782385306
45605302
562774100
851696812
985591428
44214718
903971171
192412617
863250681
895635192
402360666
745638483
136526077
64765241
192862033
774593360
345385210
625056654
542911597
82252659
834117403
232588653
265394220
459554543
377379383
99720525
295605793
494661301
631349075
577182521
127423378
871294968
798177417
723073561
870248741
241727046
49325607
900552690
447091813
408815146
13683839
896794560
415428221
971383588
676014401
11830485
34046384
773309614
99990612
598724762
1560768
769225103
107912037
570165432
638328988
424642367
13915511
645477971
493453349
376989521
676971839
597638045
990424329
937159008
169101689
218560291
679335517
877133565
236708940
499950264
631787115
686615365
756409749
234806732
516286158
675752555
112505131
957797832
547109643
405275606
650372512
354062718
623992032
670631262
264770549
846207721
661959583
529895707
493264075
996973202
745469342
836607490
707037667
999687317
459296518
384867654
815229277
986099461
811700134
955746707
989620326
247602888
924962342
970497604
761222670
217089688
842238997
669551862
